Works fine in sm2.1, failed in sm6.1
==============================
TEST 40:
QUERY:
0, 3, 0, 3, 0, 3, 1, 0, 2, 3, 
TARGET:
2, 1, 2, 3, 0, 3, 1, 3, 2, 1, 	
TEST 40 FAILED.

TEST 69:
QUERY:
0, 1, 3, 0, 3, 3, 3, 2, 3, 3, 
TARGET:
1, 1, 3, 0, 3, 0, 3, 2, 0, 0, 
TEST 69 FAILED.
===============================
TEST 93:
QUERY:
1, 1, 3, 2, 2, 0, 1, 2, 0, 1, 2, 2, 3, 1, 3, 3, 2, 0, 3, 3, 1, 1, 2, 0, 3, 3, 1, 2, 2, 2, 0, 3, 3, 3, 2, 1, 0, 3, 0, 0, 0, 2, 3, 3, 0, 2, 2, 2, 2, 1, 
TARGET:
2, 3, 2, 0, 0, 1, 3, 1, 3, 1, 3, 3, 0, 2, 3, 2, 3, 3, 1, 3, 3, 1, 2, 2, 0, 2, 0, 2, 0, 3, 3, 2, 2, 1, 2, 2, 2, 1, 3, 2, 2, 2, 1, 3, 0, 0, 1, 0, 3, 3, 
TEST 93 FAILED.

TEST 10:
QUERY:
3, 0, 2, 3, 2, 0, 0, 1, 3, 2, 3, 1, 3, 1, 1, 3, 2, 3, 1, 0, 3, 1, 0, 2, 3, 3, 3, 1, 0, 2, 0, 3, 3, 2, 2, 1, 2, 3, 2, 1, 1, 2, 3, 1, 3, 0, 0, 1, 3, 1, 
TARGET:
1, 2, 3, 2, 0, 2, 1, 0, 3, 1, 2, 0, 0, 1, 2, 3, 3, 1, 2, 1, 2, 3, 3, 1, 0, 2, 1, 1, 3, 0, 2, 1, 3, 1, 3, 3, 0, 0, 3, 3, 2, 2, 3, 2, 3, 2, 1, 2, 3, 3, 
TEST 10 FAILED.

TEST 19:
QUERY:
2, 1, 1, 0, 3, 2, 2, 0, 3, 3, 2, 1, 3, 2, 1, 1, 2, 1, 1, 2, 3, 1, 0, 1, 2, 1, 2, 3, 0, 1, 1, 2, 2, 3, 3, 1, 1, 1, 1, 0, 0, 3, 1, 3, 1, 2, 0, 0, 3, 2, 
TARGET:
2, 2, 3, 2, 3, 1, 3, 1, 0, 3, 2, 2, 2, 1, 1, 1, 2, 2, 2, 0, 2, 2, 3, 3, 1, 1, 1, 1, 1, 0, 3, 3, 2, 3, 2, 1, 0, 1, 2, 1, 1, 1, 3, 3, 2, 0, 0, 0, 2, 2, 
TEST 19 FAILED.

TEST 11:
QUERY:
2, 2, 2, 2, 0, 0, 2, 0, 3, 1, 1, 0, 2, 0, 0, 0, 2, 1, 1, 3, 3, 2, 1, 3, 1, 2, 3, 2, 1, 2, 3, 3, 1, 1, 1, 1, 1, 3, 1, 0, 0, 3, 0, 2, 3, 0, 2, 1, 1, 0, 0, 1, 2, 2, 0, 3, 0, 3, 1, 1, 1, 0, 0, 2, 1, 1, 0, 2, 1, 1, 2, 1, 0, 2, 0, 3, 2, 2, 0, 0, 2, 1, 1, 0, 3, 1, 0, 3, 0, 1, 1, 1, 2, 1, 0, 3, 3, 0, 2, 0, 
TARGET:
1, 0, 1, 2, 3, 1, 1, 1, 0, 2, 1, 2, 3, 2, 3, 2, 3, 3, 1, 3, 0, 2, 1, 2, 0, 1, 2, 3, 1, 0, 3, 2, 0, 0, 0, 3, 2, 2, 1, 2, 0, 2, 0, 3, 1, 3, 1, 0, 2, 2, 0, 3, 1, 1, 1, 1, 2, 3, 0, 3, 3, 3, 1, 0, 3, 2, 3, 1, 0, 0, 3, 0, 3, 0, 3, 0, 3, 0, 0, 2, 2, 0, 1, 3, 1, 2, 0, 3, 2, 0, 2, 1, 3, 0, 1, 3, 2, 1, 0, 2, 
TEST 11 FAILED.

TEST 42:
QUERY:
3, 2, 1, 2, 3, 3, 2, 0, 3, 0, 1, 2, 3, 2, 2, 1, 1, 2, 0, 3, 1, 1, 2, 3, 3, 3, 3, 3, 1, 2, 2, 0, 0, 0, 2, 0, 3, 1, 0, 2, 1, 1, 0, 1, 3, 2, 2, 0, 0, 2, 3, 1, 0, 2, 1, 3, 1, 0, 2, 2, 3, 1, 2, 3, 1, 1, 3, 0, 2, 3, 3, 3, 0, 3, 0, 3, 2, 2, 3, 2, 1, 3, 0, 1, 1, 1, 0, 2, 1, 3, 0, 0, 0, 2, 0, 1, 3, 3, 1, 1, 
TARGET:
3, 0, 1, 3, 0, 1, 3, 2, 0, 2, 0, 1, 1, 0, 2, 2, 1, 2, 0, 3, 1, 0, 3, 1, 3, 3, 2, 2, 3, 0, 0, 2, 0, 1, 1, 0, 2, 0, 2, 2, 3, 3, 3, 0, 3, 1, 3, 1, 0, 3, 0, 1, 0, 3, 3, 3, 3, 1, 1, 2, 1, 1, 0, 2, 2, 1, 2, 1, 2, 1, 3, 1, 0, 3, 1, 3, 0, 0, 0, 0, 0, 0, 2, 0, 0, 1, 3, 3, 2, 0, 1, 0, 2, 1, 2, 0, 2, 0, 1, 0, 
TEST 42 FAILED.

TEST 43:
QUERY:
1, 1, 1, 1, 0, 3, 1, 0, 3, 1, 1, 3, 2, 3, 3, 2, 0, 2, 1, 2, 3, 2, 2, 1, 3, 0, 1, 1, 1, 3, 2, 2, 0, 3, 0, 0, 2, 1, 0, 2, 2, 1, 1, 0, 0, 1, 2, 0, 3, 3, 3, 2, 1, 1, 3, 0, 2, 1, 2, 3, 0, 0, 1, 0, 3, 1, 0, 2, 2, 0, 0, 1, 2, 1, 1, 2, 2, 0, 3, 2, 3, 2, 0, 1, 3, 0, 1, 1, 1, 3, 0, 1, 3, 2, 1, 3, 3, 1, 1, 2, 
TARGET:
1, 1, 3, 3, 2, 0, 2, 1, 0, 1, 3, 0, 3, 3, 1, 2, 3, 2, 0, 0, 2, 0, 1, 1, 2, 2, 0, 2, 3, 1, 0, 1, 2, 3, 0, 1, 3, 2, 2, 0, 3, 1, 0, 2, 0, 1, 1, 0, 3, 1, 0, 1, 1, 2, 3, 0, 0, 3, 2, 0, 1, 2, 1, 3, 1, 1, 0, 0, 0, 2, 0, 3, 3, 0, 2, 0, 1, 3, 0, 1, 0, 0, 2, 1, 2, 1, 1, 3, 1, 3, 3, 2, 1, 0, 1, 2, 1, 2, 3, 1, 
TEST 43 FAILED.

TEST 73:
QUERY:
2, 2, 3, 3, 2, 3, 3, 1, 2, 2, 2, 1, 0, 2, 3, 3, 0, 3, 1, 0, 1, 3, 0, 1, 0, 2, 2, 2, 1, 2, 3, 0, 1, 2, 3, 3, 2, 2, 0, 0, 1, 2, 1, 1, 0, 0, 0, 0, 3, 1, 1, 1, 1, 1, 2, 1, 3, 0, 3, 1, 3, 3, 1, 0, 1, 0, 3, 3, 3, 3, 0, 0, 1, 1, 1, 1, 2, 2, 2, 1, 3, 3, 2, 0, 0, 0, 1, 0, 1, 1, 1, 0, 0, 2, 0, 1, 2, 3, 1, 1, 
TARGET:
2, 1, 1, 3, 2, 3, 0, 0, 1, 2, 2, 0, 1, 0, 1, 2, 1, 2, 2, 2, 3, 3, 2, 3, 1, 2, 1, 3, 1, 2, 1, 3, 3, 2, 2, 1, 1, 2, 2, 2, 1, 0, 3, 2, 0, 0, 0, 1, 2, 2, 3, 2, 1, 1, 1, 2, 3, 2, 2, 0, 0, 3, 3, 3, 1, 1, 1, 3, 0, 3, 1, 1, 3, 0, 3, 3, 0, 0, 1, 3, 2, 0, 1, 0, 2, 2, 2, 1, 1, 0, 2, 1, 3, 1, 1, 1, 3, 2, 0, 3, 
TEST 73 FAILED.

TEST 82:
QUERY:
3, 2, 3, 0, 1, 1, 0, 2, 2, 2, 2, 0, 0, 3, 2, 0, 0, 3, 3, 0, 2, 0, 1, 1, 0, 0, 1, 0, 3, 1, 1, 2, 3, 0, 2, 0, 1, 3, 3, 3, 1, 1, 3, 2, 0, 1, 2, 0, 0, 1, 1, 3, 1, 2, 0, 1, 2, 2, 1, 1, 3, 2, 0, 2, 2, 2, 3, 3, 1, 2, 3, 3, 3, 2, 1, 3, 0, 3, 3, 0, 0, 0, 3, 1, 3, 0, 2, 1, 2, 3, 3, 1, 1, 3, 3, 3, 1, 2, 2, 3, 
TARGET:
0, 1, 2, 3, 0, 3, 2, 0, 2, 2, 0, 2, 2, 0, 3, 1, 0, 1, 3, 2, 0, 2, 3, 1, 1, 2, 0, 2, 1, 2, 1, 1, 0, 3, 1, 0, 2, 3, 0, 0, 1, 0, 2, 0, 0, 1, 1, 0, 2, 0, 2, 2, 2, 1, 3, 3, 0, 3, 2, 1, 2, 3, 2, 2, 3, 3, 2, 1, 3, 2, 2, 0, 2, 0, 0, 3, 2, 2, 3, 0, 2, 2, 3, 1, 3, 2, 0, 3, 2, 2, 0, 0, 2, 3, 2, 1, 2, 0, 2, 1, 
TEST 82 FAILED.

TEST 92:
QUERY:
0, 3, 3, 1, 3, 3, 1, 3, 0, 3, 0, 1, 3, 3, 2, 2, 2, 3, 2, 2, 3, 0, 2, 3, 2, 2, 3, 1, 2, 3, 0, 3, 2, 3, 0, 2, 3, 1, 1, 3, 1, 2, 0, 0, 1, 2, 3, 0, 2, 1, 2, 1, 1, 0, 0, 0, 2, 0, 1, 1, 3, 1, 0, 1, 0, 0, 3, 3, 2, 1, 3, 3, 3, 3, 3, 0, 2, 2, 0, 0, 3, 2, 1, 1, 2, 1, 1, 1, 1, 2, 2, 0, 3, 2, 2, 3, 2, 1, 3, 0, 
TARGET:
2, 2, 3, 1, 1, 3, 2, 3, 1, 2, 3, 1, 1, 0, 2, 3, 2, 3, 0, 3, 1, 2, 0, 0, 0, 2, 3, 3, 3, 2, 3, 2, 0, 3, 3, 2, 2, 1, 1, 3, 0, 1, 0, 1, 1, 2, 0, 3, 1, 1, 3, 2, 3, 3, 2, 0, 1, 2, 3, 0, 0, 2, 2, 1, 1, 2, 3, 3, 3, 0, 3, 3, 1, 3, 0, 3, 2, 1, 2, 3, 2, 1, 2, 1, 0, 0, 1, 1, 2, 0, 2, 3, 3, 0, 0, 0, 2, 3, 0, 2, 
TEST 92 FAILED.

TEST 94:
QUERY:
0, 3, 3, 1, 2, 0, 2, 0, 2, 0, 1, 1, 2, 2, 3, 0, 0, 0, 2, 2, 1, 0, 1, 0, 3, 1, 0, 3, 3, 0, 1, 0, 3, 1, 1, 2, 1, 3, 2, 3, 0, 0, 1, 2, 2, 0, 2, 2, 1, 0, 0, 2, 1, 2, 2, 0, 3, 2, 0, 3, 2, 1, 3, 2, 2, 0, 0, 0, 3, 2, 3, 3, 2, 0, 1, 0, 1, 0, 2, 2, 0, 3, 0, 1, 1, 3, 2, 0, 1, 2, 3, 0, 3, 2, 2, 2, 2, 2, 2, 2, 
TARGET:
0, 1, 1, 3, 2, 3, 3, 3, 3, 2, 1, 3, 1, 1, 1, 2, 0, 3, 2, 2, 1, 2, 2, 0, 0, 0, 2, 3, 2, 0, 1, 2, 2, 2, 1, 0, 1, 1, 3, 0, 3, 0, 0, 0, 1, 1, 2, 2, 0, 0, 0, 1, 2, 2, 1, 3, 2, 0, 2, 0, 0, 3, 2, 2, 1, 0, 2, 3, 1, 1, 3, 0, 1, 3, 0, 3, 0, 2, 1, 0, 2, 1, 1, 1, 3, 3, 0, 1, 3, 2, 1, 3, 1, 3, 2, 2, 3, 0, 1, 0, 
TEST 94 FAILED.
